Businessname,Phonenumber,Website,Googlemapsscore,Emailaddress,Instagramlink,Facebooklink,Linkedinlink
Tropicalboat Luxury Yacht Charters & Rentals,+1 786-218-3030,https://tropicalboat.com/,5.0,info@tropicalboat.com,,https://www.facebook.com/pg/TropicalboatCharters/,
UNIQ Miami Yacht Charters,+1 305-800-1010,https://uniqmiamiyachtcharter.com/,5.0,info@uniq.la,https://www.instagram.com/uniq.la/,https://www.facebook.com/uniqlosangeles/,
Miami Yacht Charters & Rentals,+1 305-998-9009,http://www.miamiyachtcharters.net/,5.0,,https://www.instagram.com/miamivipyachts/,,
Prime Luxury Rentals,+1 305-892-3573,http://www.primeluxuryrentals.com/,4.9,info@primeluxuryrentals.com,https://www.instagram.com/primeluxuryexperiences/,https://www.facebook.com/PrimeLuxuryRentals,
Miami Yacht Adventures,+1 786-714-8471,http://www.miamiyachtadventuresllc.com/,5.0,605a7baede844d278b89dc95ae0a9123@sentry-next.wixpre,https://www.instagram.com/sapphire.rentals/,https://www.facebook.com/profile.php?id=61579235939980,
Innova Yacht | Miami Luxury Yachts Charters,+1 305-400-0974,https://www.innovayacht.com/,5.0,,http://instagram.com/innovayacht,,https://www.linkedin.com/company/innovayacht
Yacht Luxe Miami Charters,+1 954-952-3345,https://www.yachtluxemiami.com/,4.9,,https://www.instagram.com/reel/DTIh1XpALda/,https://www.facebook.com/YachtLuxeMiami/,
Miami Yachting Company,+1 800-747-9585,https://www.miamiyachtingcompany.com/,4.9,support@spod.com,https://www.instagram.com/miamiyachtingcompany,https://www.facebook.com/miamiyachtingcompany,
Luxury Experience Miami- Yacht Rental Service,+1 954-598-1954,https://luxuryexperiencemiami.com/,4.6,mllegeorgesand@gmail.com,https://www.instagram.com/luxuryexperiencemiami/,https://www.facebook.com/luxuryexperiencemiami,
"VOYAGER Miami Luxury Yacht Charters, Rentals, Sales & Management",+1 305-709-2628,https://www.voyagermiami.com/,4.9,user@domain.com,https://www.instagram.com/voyagermiami/,https://www.facebook.com/voyagermiami/,
YachtLife | International Yacht Brokerage - Charters & Sales,+1 305-244-9438,http://www.yachtlife.com/,4.6,you@example.com,https://www.instagram.com/yachtlifeapp/,https://www.facebook.com/BusinessInsiderToday/videos/235400584052558/,
Yachting With Christos,+1 786-651-1093,http://www.yachtingwithchristos.com/,5.0,info@yachtingwithchristos.com,https://www.instagram.com/yachtingwithchristos/,https://www.facebook.com/sharer/sharer.php?u=https://www.youtube.com/watch?v=aJqcNk0lnC0,
Miami Boat Charters | Luxury Yacht Rentals & Party Boats,+1 305-401-2707,https://www.miamiboatcharters.com/,4.8,info@miamiboatcharters.com,https://www.instagram.com/miamiboatfl/,https://www.facebook.com/boatchartersmiami/,
Private Key Yachts,+1 786-614-8770,http://privatekeyyachts.com/,4.8,booking@privatekeyluxury.com,,,
Biscayne Lady Yacht Charters,+1 305-379-5119,https://biscaynelady.com/?utm_source=google&utm_medium=organic&utm_campaign=gbp_listing,4.6,,https://www.instagram.com/biscayneladyyacht/,https://www.facebook.com/biscaynelady,https://linkedin.com/company/biscayne-lady-yacht-charters
Sapphire Miami Yacht Rentals,+1 786-825-9510,http://sapphire.miami/,5.0,,,,
El Yacht Miami Charters,+1 848-250-9158,,5.0,,,,
Odysea Boat Rental Miami,+1 786-309-2013,https://odyseaboatrentals.com/,4.9,Bookings@odysearentals.com,https://www.instagram.com/odyseaboatrentals/,https://www.facebook.com/OdyseaBoatRental,
Miami Yacht Connect - VIP Charters & Rentals,+1 305-813-0537,https://miamiyachtconnect.com/?utm_source=google&utm_medium=maps&utm_campaign=local_listing,4.9,,https://www.instagram.com/miamiyachtconnect/,https://www.facebook.com/miamiyachtconnect,
Book my Boat Private Yacht Charter Miami,+1 305-575-2445,https://bookmyboat.net/,5.0,,,,
Ocean View Yacht Charters,+1 786-790-9955,http://www.oceanviewyachtcharters.com/,5.0,oceanviewyachtcharters@gmail.com,https://www.instagram.com/oceanviewyachtcharters/,https://web.facebook.com/oceanviewyachtcharters,
VICE CHARTERS YACHT RENTAL,+1 786-825-4317,https://instagram.com/vicecharters?igshid=YmMyMTA2M2Y=,5.0,,,,
Luxury 305 Rentals,+1 305-316-0658,https://luxury305rental.com/,4.6,,https://www.instagram.com/luxury305rentals/?igshid=NTc4MTIwNjQ2YQ%3D%3D,,
Vip Boat Rental,+1 305-244-1077,https://vipboatrental.com/,5.0,mp@vipboatrental.com,https://www.instagram.com/vipboatrentals,https://www.facebook.com/VipBoatRental,
OCEAN BREEZE YACHTS CHARTERS,+1 956-538-7916,https://www.instagram.com/oceanbreezeyachts?igsh=cjh6ZGIxOTh6a2Nw&utm_source=qr,5.0,,https://about.instagram.com/,https://developers.facebook.com/docs/instagram,
Miami VIP Yacht Rentals,+1 305-998-9009,http://www.miamivipyachts.com/,4.9,Contact@MiamiVipYachts.com,,,
Sea Lux Yacht Sales and Charters,+1 305-934-4494,http://sealuxyachts.com/,5.0,u003e@sea.lux,https://www.instagram.com/p/DAvjlD5u6QM/?img_index=1,,
305 Luxury Rentals,+1 305-876-6650,https://305luxuryrentals.com/,4.8,info@305luxuryrentals.com,https://www.instagram.com/305_luxuryrentals/,https://www.facebook.com/305luxuryrentals,
Boat Rental Miami Florida,+1 786-328-5669,https://boatrentalmiamiflorida.com/,4.9,,https://www.instagram.com/boatrentalmiamiflorida/,,https://www.linkedin.com/company/yacht-rental-miami-florida
